"x"	"y"	"l1_1"	"l1_2"	"l2_1"	"l2_2"	"l3_1"	"l3_2"	"l4_1"	"l4_2"	"l5_1"	"l5_2"	"l6_1"	"l6_2"	"l7_1"	"l7_2"	"l8_1"	"l8_2"	"l9_1"	"l9_2"	"l10_1"	"l10_2"	"age"	"parent1"	"parent2"
61	220	8	2	6	6	3	8	2	9	4	7	7	3	4	1	7	4	9	6	5	7	83	0	0
246	333	5	7	3	5	2	6	6	3	4	1	4	3	6	7	7	1	6	7	6	1	62	0	0
480	287	7	2	2	6	4	3	6	9	8	4	3	3	6	4	1	7	6	6	8	5	59	0	0
301	168	4	5	2	6	3	5	8	6	3	4	4	7	7	4	7	7	5	7	4	2	45	0	0
62	165	4	4	6	6	3	6	6	9	2	7	6	6	4	6	7	6	7	7	5	7	43	0	0
312	308	7	7	8	6	1	3	7	7	7	4	3	4	7	7	5	8	4	7	5	6	42	0	0
483	318	2	6	2	6	4	6	6	7	4	7	3	3	4	4	1	1	6	4	5	5	40	0	0
55	95	2	8	5	6	6	8	8	2	8	4	3	7	1	4	4	4	5	7	2	6	35	0	0
206	327	5	6	3	3	7	6	6	4	3	7	5	4	6	6	7	1	2	6	2	5	34	0	0
205	324	7	8	6	6	2	6	3	6	7	2	4	3	5	8	7	7	6	7	2	2	33	0	0
452	399	2	7	8	3	3	7	6	4	7	7	3	3	7	4	6	7	6	6	7	5	33	0	0
489	334	6	7	2	6	6	3	6	9	4	3	3	3	4	4	1	7	4	6	5	5	32	0	0
52	143	4	8	6	6	3	3	9	2	2	4	6	7	6	6	7	7	7	7	7	5	31	0	0
60	224	2	2	6	6	8	5	3	7	4	4	3	2	1	1	4	1	4	6	5	2	30	0	0
122	42	7	7	2	2	4	4	3	7	7	1	2	6	4	2	8	8	9	2	4	2	30	0	0
230	346	8	7	6	6	8	1	6	6	4	2	3	1	4	5	4	4	6	6	5	2	29	0	0
350	297	2	2	8	5	6	1	7	2	1	7	3	3	8	1	5	5	4	4	5	1	27	0	0
319	317	7	6	5	3	6	3	2	8	7	1	3	6	7	4	5	2	6	3	5	6	27	0	0
293	290	2	8	6	6	6	5	2	6	7	8	6	3	7	6	5	7	4	7	1	6	27	0	0
76	102	2	7	5	2	8	6	8	6	4	7	3	6	1	2	4	6	5	5	2	4	26	0	0
31	93	2	5	6	2	8	6	8	8	8	4	7	6	1	1	4	4	5	5	6	1	26	0	0
325	187	7	4	2	6	6	6	6	6	7	7	6	6	2	6	2	7	5	7	4	7	24	0	0
108	35	7	4	2	2	4	7	3	3	7	8	1	6	6	2	8	2	5	9	4	6	24	0	0
108	191	8	2	6	3	5	3	6	6	4	7	6	3	4	4	7	7	7	6	5	5	22	0	0
80	186	8	2	6	6	5	7	2	7	4	4	6	4	6	2	7	5	9	3	5	2	22	0	0
95	184	4	5	6	2	5	7	6	3	4	3	6	5	4	6	8	6	7	6	5	6	21	0	0
358	158	7	7	2	6	6	3	6	2	7	3	6	3	6	1	6	6	5	6	1	5	20	0	0
115	92	7	4	2	6	7	8	8	2	7	4	6	3	6	6	8	7	2	9	2	2	20	0	0
81	63	2	7	6	5	6	6	8	3	8	4	3	3	1	6	5	1	5	7	2	6	20	0	0
231	312	8	4	5	3	5	2	6	6	4	1	7	4	4	7	7	6	7	6	5	2	20	0	0
323	130	4	7	2	6	7	1	3	2	7	8	6	3	2	8	2	7	6	7	7	2	20	0	0
300	119	4	8	2	6	6	3	9	9	7	4	6	7	1	6	2	7	9	7	6	5	20	0	0
121	33	7	4	2	2	4	5	3	6	7	3	2	4	4	7	8	7	2	5	4	4	20	0	0
319	312	4	8	2	6	8	3	9	2	7	2	3	7	2	6	1	7	4	7	1	5	19	0	0
298	160	4	5	6	3	3	6	8	3	4	1	4	4	4	7	7	1	5	7	4	1	18	0	0
304	357	6	7	6	6	8	5	4	6	7	4	3	6	2	4	4	1	4	7	1	6	18	0	0
209	275	7	7	6	6	2	3	6	6	3	3	7	7	4	6	7	5	6	7	5	2	18	0	0
329	311	7	7	6	3	1	6	7	6	7	4	3	3	7	7	5	1	7	6	5	1	17	0	0
200	333	7	7	2	8	2	3	6	7	3	4	4	4	6	7	7	5	2	4	6	6	16	0	0
198	320	5	7	2	8	2	7	6	2	3	1	4	4	6	7	7	5	2	7	2	6	16	0	0
478	387	2	6	8	3	7	3	6	4	7	1	3	4	4	2	6	2	6	7	7	6	16	0	0
135	60	7	7	2	2	4	4	7	7	7	7	2	6	4	4	8	8	2	2	4	4	16	0	0
141	205	7	7	6	6	7	3	6	7	4	1	7	4	4	1	7	5	6	6	5	5	16	0	0
53	62	2	4	6	6	6	3	8	9	4	7	3	6	4	4	4	7	5	7	2	7	15	0	0
35	142	4	2	6	5	3	6	9	8	2	8	6	7	6	1	7	4	7	7	7	2	15	0	0
295	309	2	7	6	6	6	4	2	7	8	4	3	7	7	6	7	8	7	2	6	5	15	0	0
176	333	2	5	6	6	5	3	6	6	3	4	3	7	6	4	8	7	6	7	7	4	15	0	0
177	323	7	4	6	8	2	8	6	2	3	4	3	6	6	6	5	7	6	6	5	5	14	0	0
292	274	4	2	6	6	3	6	6	3	3	4	7	3	5	4	6	4	6	6	5	7	14	0	0
454	338	2	7	5	2	1	4	3	7	3	7	4	6	1	2	5	8	6	2	1	4	14	0	0
270	166	4	4	2	6	5	3	8	6	3	7	7	6	4	6	7	6	7	7	2	5	13	0	0
342	262	8	7	6	6	5	3	2	9	2	3	7	4	7	7	7	7	7	7	5	6	13	0	0
250	338	8	2	6	2	8	6	6	6	2	7	1	3	4	2	4	6	6	5	2	4	13	0	0
275	283	7	7	6	2	1	3	8	2	1	4	3	7	1	4	7	7	6	6	6	5	13	0	0
55	193	8	6	6	6	8	6	2	6	4	4	7	3	1	4	4	1	6	6	7	5	12	0	0
229	338	7	2	5	5	6	1	6	7	4	1	3	3	7	8	1	5	7	4	6	5	12	0	0
305	267	7	2	2	2	7	4	2	6	1	8	6	3	7	4	5	7	7	6	6	8	12	0	0
454	356	8	7	6	2	3	2	9	4	3	1	3	4	1	4	1	6	6	3	5	2	12	0	0
289	161	7	2	6	6	4	4	8	7	8	7	6	3	4	4	7	1	5	3	4	2	12	0	0
431	364	8	8	2	5	3	6	9	3	3	7	7	7	4	1	7	4	6	4	5	5	12	0	0
270	112	8	6	6	2	6	6	9	7	4	4	6	3	6	4	7	1	9	6	6	5	12	0	0
120	66	7	7	2	2	5	3	6	6	7	3	2	6	7	1	7	6	2	6	4	5	12	0	0
266	170	4	2	2	6	5	6	8	8	3	8	4	3	4	1	7	1	5	5	4	2	11	0	0
89	12	7	2	2	6	7	3	3	6	8	4	6	6	6	4	2	7	9	7	6	5	11	0	0
76	181	8	2	6	6	5	5	7	2	4	7	6	6	2	7	5	5	9	7	2	6	11	0	0
179	325	8	7	6	6	2	8	3	6	2	4	3	3	5	5	7	4	6	6	2	5	10	0	0
455	284	2	4	6	3	4	5	9	6	4	1	3	4	4	4	7	7	6	6	5	5	9	0	0
429	349	2	8	6	6	3	6	2	6	7	8	3	3	1	7	6	5	6	4	5	6	9	0	0
330	272	7	7	6	2	1	4	7	7	3	7	4	2	1	4	5	8	4	2	7	2	9	0	0
210	319	6	8	3	6	7	5	6	2	3	4	4	6	6	6	1	7	2	7	5	2	9	0	0
169	325	7	2	6	6	6	8	6	9	2	4	4	7	5	1	7	4	6	9	2	7	9	0	0
487	349	6	4	6	2	6	8	6	2	3	3	3	4	4	6	7	4	4	7	5	6	9	0	0
487	336	7	7	2	6	6	6	6	6	3	3	3	3	4	1	1	6	4	5	5	1	9	0	0
21	213	2	7	6	8	5	3	7	6	4	7	2	3	1	4	1	7	6	6	2	7	9	0	0
291	289	4	7	6	2	3	1	2	9	3	3	6	4	6	1	5	1	6	7	7	5	9	0	0
71	192	4	4	6	6	7	8	6	2	3	3	5	3	6	7	8	6	6	9	5	2	9	0	0
298	130	8	7	6	6	3	6	2	2	7	3	3	6	6	6	2	6	7	7	5	5	9	0	0
98	101	4	7	5	2	2	1	7	9	8	1	3	3	6	1	6	7	6	7	2	5	9	0	0
119	115	7	7	2	6	7	3	7	6	1	4	6	7	2	4	8	7	2	6	2	5	8	0	0
211	347	6	7	3	6	7	3	6	6	7	3	4	3	6	6	7	6	2	6	5	1	8	0	0
349	297	2	7	5	2	1	4	2	7	1	7	3	2	1	4	5	8	4	9	1	2	8	0	0
72	224	7	2	6	6	4	3	6	3	4	7	7	6	6	1	8	5	2	6	4	5	8	0	0
275	164	4	6	6	6	7	8	7	6	3	4	7	6	4	4	7	1	5	4	8	1	8	0	0
217	305	6	7	3	6	7	8	6	4	7	4	4	3	6	2	1	1	6	4	5	6	83	0	0
65	216	2	4	6	6	8	3	3	2	4	4	2	7	1	6	4	7	4	7	2	5	62	0	0
291	267	7	4	6	2	3	8	6	2	3	4	7	6	5	6	6	7	7	9	5	2	59	0	0
151	299	7	2	2	6	3	2	7	2	7	4	4	3	4	7	6	5	3	6	2	8	45	0	0
72	133	7	7	5	2	8	3	6	2	4	3	6	3	2	6	4	6	5	5	2	1	43	0	0
367	297	4	2	2	6	6	8	6	9	7	7	4	3	6	4	5	4	7	9	5	7	42	0	0
133	55	7	7	2	6	4	8	7	8	7	4	2	3	4	6	8	8	2	2	4	2	40	0	0
151	165	7	2	6	5	7	6	7	8	1	4	4	3	4	6	7	1	6	5	5	6	35	0	0
56	76	2	7	6	2	3	4	8	7	7	7	3	2	4	4	4	8	7	2	2	4	34	0	0
464	290	2	8	2	5	4	6	9	2	8	8	3	3	6	4	1	4	6	5	5	6	33	0	0
72	62	4	2	3	6	7	3	4	6	1	4	4	3	4	4	2	4	7	6	6	5	33	0	0
57	201	4	2	6	6	6	5	9	3	2	4	6	2	4	1	7	1	7	6	7	2	32	0	0
484	326	6	4	6	2	6	4	7	6	4	3	3	2	4	7	1	7	6	5	5	4	31	0	0
36	69	7	7	6	2	6	7	3	3	8	7	3	6	1	6	5	2	5	9	6	6	30	0	0
316	119	8	4	2	8	6	8	9	2	4	4	7	3	1	2	2	7	9	9	5	2	30	0	0
321	301	8	2	6	3	3	3	9	6	2	1	3	4	6	4	7	2	7	7	5	6	29	0	0
424	370	2	7	6	8	3	1	6	7	7	1	4	4	1	1	5	5	6	4	5	5	27	0	0
232	387	7	6	6	3	8	7	6	4	4	1	3	4	5	2	4	6	6	7	5	7	27	0	0
296	294	8	2	6	6	6	6	6	2	7	8	3	7	7	6	7	8	7	2	6	6	27	0	0
85	102	7	7	2	6	8	3	6	6	4	3	6	7	2	6	6	5	5	6	4	2	26	0	0
82	186	8	7	6	6	7	1	2	7	4	1	4	4	6	1	7	5	9	6	5	7	26	0	0
234	346	7	4	6	6	1	5	6	6	1	3	5	4	1	4	6	7	7	5	2	2	24	0	0
340	240	8	8	6	6	5	8	9	2	3	4	7	7	7	1	7	7	7	6	6	7	24	0	0
207	331	8	2	6	6	6	3	3	2	7	7	3	3	8	4	7	4	7	9	2	7	22	0	0
229	352	8	2	6	2	1	1	6	3	4	7	1	4	5	1	4	8	6	6	5	1	22	0	0
306	275	2	7	6	6	5	8	2	6	8	2	6	3	6	5	5	4	4	6	6	5	21	0	0
129	190	2	8	3	5	5	3	6	3	7	3	3	7	4	1	7	4	7	6	5	5	20	0	0
155	102	4	6	6	8	7	3	2	6	7	1	3	4	6	4	8	2	2	6	2	6	20	0	0
79	67	7	2	6	6	6	6	3	2	4	4	3	7	1	5	1	7	5	6	6	2	20	0	0
492	386	2	6	8	8	3	6	4	2	1	1	4	7	2	6	6	7	6	6	6	5	20	0	0
150	87	7	2	2	6	4	4	7	2	7	8	6	7	4	7	8	7	2	7	4	6	20	0	0
292	249	7	8	6	6	3	5	2	9	4	3	3	4	4	7	7	7	6	7	5	6	20	0	0
53	95	8	4	5	6	6	6	8	6	8	7	3	6	1	4	4	7	7	7	6	5	20	0	0
444	396	7	4	3	2	3	6	6	8	7	3	3	3	4	1	7	7	6	5	7	2	19	0	0
35	145	8	7	6	8	3	2	9	7	4	3	6	4	6	6	7	7	7	4	5	6	18	0	0
354	327	2	2	8	6	6	6	2	2	7	2	3	7	1	7	5	5	4	6	5	2	18	0	0
60	190	8	8	6	6	7	3	7	4	4	1	4	4	2	4	7	6	9	6	2	5	18	0	0
75	194	4	8	2	6	5	3	6	2	4	2	6	7	4	6	8	1	7	7	5	5	17	0	0
357	158	4	7	6	2	1	4	2	3	7	7	3	6	2	2	7	8	7	9	2	2	16	0	0
169	30	7	7	2	6	4	5	6	2	3	2	4	4	4	7	7	7	2	7	4	5	16	0	0
164	33	4	2	2	6	4	5	6	7	3	4	4	6	4	7	7	5	5	9	4	2	16	0	0
109	36	7	7	2	2	5	4	6	7	3	7	2	6	7	4	7	8	5	2	4	4	16	0	0
319	307	7	4	6	8	4	2	7	2	4	4	7	3	6	6	7	5	7	6	6	5	16	0	0
153	332	5	7	6	2	3	3	6	6	4	3	3	2	6	1	7	6	6	2	4	4	15	0	0
151	334	2	4	6	6	5	3	6	2	3	4	7	6	4	6	8	7	6	7	7	7	15	0	0
88	171	2	2	6	5	5	8	7	2	7	4	6	3	2	1	5	4	7	7	2	2	15	0	0
101	183	2	4	6	2	5	3	2	2	7	2	6	3	7	2	5	7	9	7	2	1	15	0	0
71	200	2	7	6	8	8	3	2	7	4	4	7	3	1	7	7	8	6	7	5	5	14	0	0
316	143	4	6	6	6	5	6	8	2	3	4	7	3	7	4	7	1	7	6	2	5	14	0	0
302	176	4	7	2	6	5	7	8	2	4	3	4	7	7	1	7	8	5	6	2	5	14	0	0
61	175	4	7	6	6	3	6	9	2	7	8	6	7	4	7	7	8	7	7	7	5	13	0	0
54	96	8	8	5	6	8	8	8	2	8	4	7	7	1	1	4	4	7	6	2	7	13	0	0
32	94	5	4	2	2	6	4	8	3	4	7	7	6	1	2	4	8	5	2	6	4	13	0	0
104	210	7	7	2	5	7	6	2	7	3	1	7	3	4	8	8	1	6	4	5	5	13	0	0
79	191	8	7	2	6	8	4	2	7	4	7	7	6	1	4	7	7	6	3	5	2	12	0	0
74	205	7	4	2	6	7	5	2	8	3	8	7	4	4	1	8	7	6	5	7	2	12	0	0
107	199	8	8	6	5	3	3	6	3	4	7	6	7	4	4	7	7	7	4	5	5	12	0	0
124	94	4	2	6	2	8	7	2	2	7	8	6	6	6	7	8	5	9	7	2	8	12	0	0
332	132	5	5	6	2	3	8	3	8	4	8	4	7	7	1	1	4	7	5	4	6	12	0	0
209	270	7	4	6	6	2	6	6	3	3	1	7	4	6	4	7	7	7	7	5	4	12	0	0
329	317	7	6	3	6	6	6	7	2	4	1	3	7	7	6	1	7	6	6	1	5	12	0	0
126	215	7	7	6	2	7	5	6	3	4	3	4	2	1	4	5	7	6	5	5	4	12	0	0
293	273	2	7	6	2	6	3	3	8	4	1	3	3	5	4	6	7	6	6	5	6	11	0	0
478	341	7	8	5	6	4	2	7	3	3	2	6	3	1	5	8	7	2	6	1	2	11	0	0
281	277	7	4	6	6	1	2	2	6	1	3	3	6	1	6	7	7	6	6	5	5	11	0	0
58	192	8	7	6	6	6	2	6	6	4	3	7	7	4	4	4	7	6	7	5	5	10	0	0
219	337	7	7	5	2	6	1	6	6	4	4	3	5	8	1	5	7	7	2	5	2	83	0	0
271	285	7	8	2	6	7	2	6	4	8	3	6	4	4	1	5	6	6	3	8	5	62	0	0
103	72	7	7	2	2	3	8	6	6	7	7	2	6	7	2	7	4	2	5	4	4	59	0	0
90	25	2	7	2	2	7	8	6	8	4	7	6	3	4	6	2	7	7	9	6	2	45	0	0
85	214	2	8	6	6	3	8	9	2	7	2	7	3	4	2	4	1	9	4	7	1	43	0	0
95	220	8	7	6	6	3	2	2	6	4	1	3	5	4	6	4	6	9	2	7	2	42	0	0
239	319	7	8	5	5	6	3	6	9	1	7	4	7	6	4	7	7	7	6	6	5	40	0	0
216	333	7	2	3	3	2	5	6	6	4	7	4	3	6	4	7	7	7	7	1	5	35	0	0
263	347	5	5	5	2	6	8	3	8	4	4	4	6	6	1	7	4	7	5	1	1	34	0	0
232	334	7	4	5	6	2	7	3	6	4	3	4	3	7	6	7	8	6	6	1	2	33	0	0
472	295	2	2	2	6	4	8	6	9	8	7	3	7	4	4	7	4	6	6	5	7	33	0	0
465	248	2	4	6	6	3	8	6	2	8	4	3	3	4	6	1	7	6	6	8	5	32	0	0
440	354	2	4	6	2	6	5	6	3	3	4	4	5	1	4	6	8	6	7	5	6	31	0	0
437	370	2	4	8	6	3	3	6	6	3	3	3	7	1	7	6	7	6	5	7	2	30	0	0
302	201	5	2	6	3	5	3	6	6	3	7	4	4	4	4	7	2	5	6	4	7	30	0	0
94	168	4	2	6	8	3	3	6	2	2	7	6	3	6	1	6	5	7	6	5	5	29	0	0
313	290	7	7	8	6	3	4	7	8	4	7	3	6	7	4	8	1	4	5	6	4	27	0	0
483	296	2	7	2	2	4	1	7	6	4	1	3	5	4	1	1	6	4	7	5	2	27	0	0
485	317	2	7	2	2	6	3	7	6	4	4	3	4	4	7	1	7	4	4	5	6	27	0	0
64	96	8	4	5	3	8	4	8	9	4	1	3	4	1	4	4	7	5	6	6	5	26	0	0
200	310	5	7	3	2	6	1	4	2	3	1	4	3	6	4	1	7	6	6	5	6	26	0	0
217	306	6	7	3	2	6	1	4	7	3	3	5	4	6	2	1	5	6	2	2	1	24	0	0
225	318	7	2	6	2	2	4	3	9	2	8	4	3	8	4	7	7	6	6	2	5	24	0	0
205	326	7	7	6	6	2	1	6	2	7	1	4	7	8	4	7	7	6	6	2	5	11	0	0
202	312	7	7	6	6	6	3	6	9	2	3	3	4	5	1	7	1	7	6	2	5	22	0	0
208	306	8	4	6	6	6	3	3	9	7	2	3	6	8	6	7	6	7	7	2	7	21	0	0
207	362	7	8	6	2	6	3	6	3	7	3	3	7	5	1	7	4	7	6	2	5	20	0	0
205	292	7	7	6	2	2	4	6	7	2	7	3	6	8	4	7	8	7	2	2	4	20	0	0
490	327	6	5	2	2	6	7	6	2	3	1	3	4	4	6	1	5	4	2	5	6	20	0	0
59	151	4	2	6	6	3	6	9	6	4	8	6	3	6	7	7	5	7	4	5	6	20	0	0
20	144	4	8	6	2	3	7	9	6	4	3	7	7	6	1	7	8	7	6	5	5	20	0	0
28	219	2	7	6	6	5	3	7	2	4	7	2	3	1	6	4	6	4	5	5	1	20	0	0
59	194	2	7	6	6	5	8	7	9	4	2	2	7	1	5	4	7	4	6	2	2	20	0	0
228	339	7	2	6	6	1	3	6	6	2	4	1	3	5	4	4	7	6	7	5	4	19	0	0
232	394	8	7	6	2	8	3	6	6	2	3	3	2	4	1	4	6	6	6	5	5	17	0	0
333	292	2	7	5	6	1	2	2	6	1	3	3	7	8	4	5	5	4	7	5	2	18	0	0
351	327	2	8	5	6	6	5	2	7	7	4	3	6	1	6	5	5	4	3	5	2	18	0	0
320	311	7	7	5	6	3	4	2	7	1	8	3	6	4	4	5	7	6	5	5	2	17	0	0
357	314	7	2	3	5	3	6	2	3	1	8	6	3	7	1	2	5	6	5	6	6	16	0	0
304	314	6	2	3	6	3	6	8	6	1	7	6	3	7	1	2	6	6	6	5	6	16	0	0
319	337	6	8	3	2	3	7	8	6	1	4	3	7	4	4	2	7	3	6	6	5	16	0	0
310	292	8	5	6	6	6	6	6	8	8	1	6	4	6	4	5	7	7	7	1	1	20	0	0
297	280	2	4	6	6	6	8	6	6	7	3	6	5	7	6	5	8	7	9	6	2	16	0	0
87	60	7	2	2	3	6	4	6	6	7	1	3	3	2	4	6	7	5	6	4	5	15	0	0
53	104	7	2	2	5	8	6	6	2	7	7	3	3	1	1	6	5	5	4	2	5	21	0	0
85	117	7	4	5	6	6	7	8	2	4	3	6	5	1	7	6	6	5	6	2	5	15	0	0
24	81	2	7	6	3	8	6	8	7	8	7	7	3	1	7	4	5	5	7	6	1	15	0	0
46	82	2	4	6	6	6	3	8	9	8	2	7	7	1	6	4	7	5	7	6	5	14	0	0
298	192	4	2	2	6	6	5	6	6	7	3	6	7	6	6	2	7	5	7	4	7	14	0	0
73	204	7	2	6	6	7	3	2	6	4	3	7	7	4	4	7	4	6	6	5	7	24	0	0
101	202	8	7	6	8	7	3	2	6	4	3	7	4	1	7	8	5	6	6	7	5	13	0	0
132	199	8	8	6	6	7	6	6	8	3	8	7	3	4	4	8	4	6	5	7	6	24	0	0
117	39	7	7	2	6	4	4	3	2	8	4	6	3	6	7	8	8	5	2	4	5	25	0	0
93	18	7	8	2	6	7	6	3	2	7	8	6	3	6	1	8	5	5	4	6	6	13	0	0
119	40	7	5	2	6	7	6	3	8	7	4	1	7	2	1	2	4	5	5	4	1	12	0	0
121	190	8	8	3	2	3	3	6	9	7	7	6	7	4	4	7	4	6	4	5	5	26	0	0
110	189	2	8	3	2	5	6	6	9	4	4	3	7	4	1	7	7	7	7	5	6	26	0	0
83	217	8	8	6	6	5	8	2	2	4	7	6	3	2	1	5	4	9	6	5	7	27	0	0
80	210	2	8	6	6	7	1	7	6	4	2	6	1	2	5	7	4	9	6	5	2	12	0	0
79	156	5	7	2	5	5	6	3	3	3	1	5	3	6	6	6	7	7	7	5	6	28	0	0
109	180	5	7	6	3	7	7	6	4	3	7	6	3	4	7	6	6	6	6	5	7	28	0	0
88	183	5	7	6	5	5	6	3	3	4	4	5	3	6	1	6	5	7	7	5	2	28	0	0
358	173	7	7	2	3	3	6	6	6	3	4	3	3	1	7	6	5	5	6	1	1	29	0	0
114	93	7	6	2	3	8	3	2	8	4	1	6	6	6	4	8	5	2	3	2	5	11	0	0
116	42	4	2	6	6	7	4	8	7	7	7	3	3	6	4	8	7	2	3	2	4	30	0	0
66	49	2	8	5	2	6	2	3	9	8	1	3	3	6	4	5	6	7	3	2	2	10	0	0
60	52	7	2	6	6	6	3	3	6	8	4	3	3	1	4	1	7	5	7	2	4	83	0	0
55	89	7	7	6	6	6	3	3	7	4	4	3	3	6	7	1	8	5	7	6	6	31	0	0
77	56	7	8	6	2	6	6	3	9	8	4	3	6	1	4	1	1	7	6	6	5	59	0	0
90	55	7	7	6	2	6	4	3	3	8	1	3	2	1	2	1	8	7	2	6	2	45	0	0
233	302	4	4	3	6	5	7	6	6	1	3	4	5	7	6	7	8	7	9	2	5	43	0	0
311	142	4	4	6	6	3	3	9	3	7	1	6	4	1	4	2	1	7	5	6	4	34	0	0
301	126	8	7	6	2	3	5	9	6	4	3	7	2	6	7	7	6	7	2	5	4	40	0	0
229	319	7	2	6	8	2	5	6	7	1	4	5	2	1	4	7	7	2	6	2	7	35	0	0
339	235	2	7	6	5	6	6	2	2	2	7	7	6	5	7	7	5	6	3	2	6	34	0	0
323	351	8	6	6	6	8	6	2	6	2	3	3	3	2	4	1	1	7	6	1	5	38	0	0
304	154	4	4	3	6	3	5	3	3	1	4	4	6	7	6	1	8	5	7	4	6	33	0	0
293	361	6	8	6	6	5	3	4	2	7	7	6	7	4	1	1	4	4	6	1	7	32	0	0
343	356	6	4	6	6	5	3	4	6	4	4	3	7	2	4	1	4	7	6	1	7	31	0	0
214	283	7	2	6	6	3	6	6	3	3	4	7	7	4	5	7	6	7	6	5	5	41	0	0
331	287	7	4	6	6	6	6	6	3	7	1	3	4	7	4	1	1	7	5	5	1	42	0	0
315	307	7	2	3	5	1	4	7	7	7	7	3	4	7	1	5	8	7	6	5	4	29	0	0
193	329	7	2	2	6	2	5	7	6	3	4	4	3	6	4	7	8	4	6	6	4	27	0	0
190	313	7	8	2	3	2	5	2	6	3	1	4	7	7	7	7	6	7	7	2	5	27	0	0
485	387	6	8	3	6	7	6	6	2	7	4	3	3	4	1	2	4	7	6	6	7	27	0	0
135	63	7	2	2	5	4	6	7	7	7	1	2	3	4	8	8	5	2	4	4	1	26	0	0
134	49	7	4	2	6	4	7	7	8	7	7	2	6	4	6	8	7	2	9	4	2	26	0	0
69	78	4	4	6	2	3	8	9	2	4	7	3	3	4	2	4	1	5	4	7	5	24	0	0
275	301	2	8	6	6	4	8	7	6	8	4	3	1	6	5	7	4	7	6	5	2	24	0	0
295	311	7	2	6	8	4	3	2	2	8	3	7	3	6	7	8	5	2	6	5	5	22	0	0
180	331	2	4	6	6	3	3	6	8	4	7	7	7	6	6	8	6	7	7	7	2	22	0	0
190	337	5	2	6	5	5	6	6	9	3	8	3	6	6	1	7	4	6	7	4	7	21	0	0
180	326	5	4	6	2	5	5	6	3	3	3	7	2	4	7	7	7	6	5	7	4	20	0	0
209	328	2	7	6	3	5	7	6	6	3	7	7	3	4	4	8	7	6	6	4	7	20	0	0
214	327	4	4	6	3	8	5	6	6	4	4	3	4	6	7	7	6	6	6	5	5	20	0	0
175	342	7	2	6	5	8	3	6	9	3	2	6	7	6	1	5	4	6	7	5	7	20	0	0
301	266	4	2	6	3	6	3	3	6	3	7	3	3	5	7	6	6	6	6	5	7	20	0	0
474	345	7	4	5	6	4	6	7	9	7	7	4	7	2	1	5	2	2	7	1	6	20	0	0
271	152	4	7	2	6	5	3	8	6	3	3	6	7	4	4	6	7	7	6	5	2	20	0	0
326	263	8	7	6	2	5	7	2	2	3	3	4	4	7	6	7	5	7	7	6	2	19	0	0
226	336	2	5	6	3	8	2	6	3	7	1	3	3	4	7	4	7	6	7	2	1	18	0	0
267	339	2	7	2	5	8	6	6	7	7	1	1	3	2	8	4	1	6	4	4	5	18	0	0
249	337	2	7	2	8	8	1	6	7	2	4	3	4	4	7	4	5	5	7	4	6	18	0	0
257	335	2	5	2	3	6	2	6	3	7	1	1	3	2	7	4	7	6	7	2	1	17	0	0
274	282	7	7	2	2	1	1	8	7	4	3	7	4	1	4	7	8	6	2	6	2	16	0	0
91	192	8	4	6	6	8	3	6	3	4	3	7	3	1	4	1	6	6	6	7	5	16	0	0
70	175	8	7	6	6	6	6	6	9	4	2	3	7	4	1	1	7	6	9	5	2	16	0	0
50	190	6	7	6	2	6	7	6	6	4	1	3	3	1	4	1	5	6	6	5	6	16	0	0
82	194	6	8	6	6	8	5	6	7	4	4	7	4	4	2	1	7	6	3	5	5	16	0	0
54	175	6	4	6	6	6	3	6	2	4	2	3	7	1	6	4	7	6	7	5	7	15	0	0
265	335	2	4	5	5	1	3	6	8	1	2	3	7	8	1	1	4	7	7	6	7	15	0	0
285	178	2	2	6	6	4	5	8	6	7	4	3	7	4	4	1	7	5	7	2	7	15	0	0
445	369	8	6	2	6	3	6	3	7	7	4	7	6	1	6	4	1	6	6	5	5	15	0	0
436	363	8	7	5	6	3	1	9	6	3	4	7	3	1	7	4	1	6	6	5	1	14	0	0
431	330	8	2	5	2	6	4	3	9	3	4	7	3	4	6	7	7	6	6	5	5	14	0	0
168	66	7	2	2	6	5	6	6	2	3	8	6	3	7	6	7	8	6	2	5	5	14	0	0
108	77	7	7	2	6	5	4	6	8	3	8	6	6	7	4	7	1	2	3	4	2	13	0	0
117	66	7	7	2	2	5	4	6	3	3	7	6	2	1	2	7	8	6	2	4	2	13	0	0
265	179	4	7	2	3	5	2	8	6	8	1	4	4	4	6	7	7	5	6	4	6	13	0	0
307	175	2	4	6	8	5	5	8	6	3	2	4	7	1	1	7	5	5	7	2	2	13	0	0
91	2	7	2	2	3	7	3	6	6	4	7	6	3	6	2	7	2	7	6	5	7	12	0	0
90	32	7	7	6	2	3	3	3	8	4	1	6	3	4	4	2	7	9	6	6	6	12	0	0
77	184	8	7	6	5	5	8	2	8	4	7	6	6	2	1	5	4	9	5	2	4	12	0	0
72	195	2	7	6	6	5	6	2	2	7	4	6	7	2	7	5	7	7	7	6	5	12	0	0
313	249	4	7	6	6	3	1	6	2	2	1	7	7	4	1	5	7	7	6	2	5	12	0	0
312	236	4	7	8	6	3	2	6	6	2	3	6	7	4	4	5	5	7	6	5	2	12	0	0
198	321	7	5	6	5	8	6	3	3	4	1	3	4	5	7	7	1	6	6	2	6	12	0	0
178	327	7	8	6	3	8	2	3	6	4	1	3	7	5	7	4	6	6	7	5	5	12	0	0
165	311	8	7	6	2	8	4	6	7	2	7	3	4	5	4	7	8	6	4	2	7	11	0	0
452	242	4	8	3	6	4	5	6	7	4	4	3	4	4	2	7	5	6	3	5	2	11	0	0
432	354	2	4	6	5	3	2	2	7	7	1	3	3	7	6	6	6	4	6	5	5	11	0	0
412	340	2	7	6	2	6	7	6	2	8	8	3	3	7	7	5	5	4	7	6	8	10	0	0
414	355	2	2	6	2	3	4	6	6	7	7	3	3	1	4	5	1	6	6	5	5	83	0	0
333	256	7	5	2	3	1	3	7	8	3	4	4	4	4	7	5	7	4	7	2	4	62	0	0
330	273	7	7	2	2	1	3	7	2	7	3	2	6	1	1	8	5	4	7	7	7	59	0	0
210	321	6	2	6	5	5	6	2	8	3	2	4	7	6	6	7	7	2	7	2	7	45	0	0
188	301	2	4	6	6	6	3	9	8	2	4	4	4	5	4	7	7	6	5	7	1	43	0	0
173	326	7	4	6	6	6	3	9	6	4	3	4	7	1	5	4	6	6	6	2	7	42	0	0
170	324	7	2	6	6	8	6	9	8	4	8	4	3	1	1	4	5	9	5	7	6	40	0	0
485	362	4	8	2	6	6	6	6	7	3	4	3	6	6	4	4	1	7	9	5	5	35	0	0
454	328	4	8	2	6	6	2	2	6	3	4	4	3	6	5	7	4	7	6	6	5	34	0	0
490	347	6	7	6	2	8	2	2	6	3	1	3	5	4	1	4	7	4	2	5	2	33	0	0
500	336	7	7	6	2	6	6	6	6	3	7	3	6	4	2	1	7	4	7	1	7	33	0	0
490	332	7	8	6	6	6	1	6	6	3	2	3	3	4	4	6	4	5	6	1	2	32	0	0
489	336	7	4	6	2	6	3	6	9	3	2	3	3	4	2	6	7	4	7	5	5	31	0	0
21	217	2	6	8	3	5	5	7	2	4	4	3	4	1	6	7	7	6	2	2	5	79	0	0
24	208	2	2	6	8	3	1	6	2	4	7	3	3	1	8	7	5	6	4	2	5	30	0	0
8	212	2	2	6	8	3	1	6	2	4	7	2	3	1	8	7	5	6	4	7	5	29	0	0
291	302	7	7	6	2	1	7	9	2	3	7	6	6	6	2	1	2	6	7	7	2	27	0	0
283	254	7	2	2	6	1	3	9	8	3	2	4	6	6	6	5	7	6	7	5	2	27	0	0
94	188	4	2	6	6	7	5	6	7	3	4	5	2	6	1	6	4	6	6	2	5	27	0	0
72	172	4	4	6	6	8	6	2	8	3	2	3	7	7	6	6	7	6	7	5	7	26	0	0
313	113	7	7	6	6	6	6	2	6	7	4	3	4	6	5	2	4	7	9	5	2	82	0	0
100	101	7	7	5	5	1	6	9	2	1	7	3	6	6	4	7	2	7	3	2	5	24	0	0
81	103	7	2	5	6	1	3	9	2	1	7	3	3	6	7	6	5	6	4	5	5	24	0	0
89	90	4	7	5	2	2	6	9	6	8	7	3	6	1	6	7	7	6	7	5	4	22	0	0
119	122	7	7	5	6	1	6	9	6	1	2	3	7	6	1	6	4	7	9	2	2	22	0	0
71	100	7	4	2	6	1	7	7	6	8	3	3	3	1	7	6	6	7	9	2	5	21	0	0
142	388	7	2	6	6	7	6	2	5	4	4	8	7	2	5	3	4	1	5	9	7	20	0	0
132	133	6	7	6	4	6	6	4	7	3	7	7	2	5	2	5	8	3	1	7	7	20	0	0
457	361	7	1	7	6	7	6	2	7	4	9	7	8	7	7	8	3	8	8	2	8	20	0	0
221	334	7	7	2	3	2	3	7	7	8	6	4	7	2	7	6	8	6	4	8	9	20	0	0
151	279	5	2	3	7	3	7	2	7	7	4	7	7	4	7	4	6	2	1	5	9	20	0	0
115	62	8	5	6	5	4	4	1	7	8	7	8	6	7	2	5	7	6	8	8	1	20	0	0
198	122	5	5	5	6	6	7	5	7	1	4	7	8	5	6	7	2	1	8	7	7	20	0	0
169	133	3	5	6	3	6	3	4	7	7	6	7	7	7	7	5	8	3	2	2	2	19	0	0
108	96	7	7	3	8	7	6	5	7	4	4	3	8	2	1	8	3	9	2	2	2	18	0	0
109	66	5	6	4	3	6	7	2	7	4	2	7	6	1	7	4	7	2	8	7	5	18	0	0
119	18	3	6	6	8	6	6	7	7	9	4	4	7	7	5	8	6	2	7	2	7	18	0	0
189	371	7	7	4	8	6	7	5	4	1	3	7	2	7	2	7	8	6	6	5	4	17	0	0
143	384	2	7	6	8	7	6	2	5	2	2	8	3	2	2	5	8	1	7	2	5	16	0	0
219	362	5	5	5	1	5	6	2	6	4	2	5	3	7	2	7	5	7	8	2	8	16	0	0
186	364	5	7	5	5	5	7	2	6	7	3	7	7	2	7	7	6	3	1	5	7	16	0	0
457	265	7	5	4	4	4	4	7	2	2	2	4	5	7	2	7	8	8	9	7	2	16	0	0
180	101	2	7	6	3	6	7	7	6	4	6	8	3	7	7	8	8	2	1	2	7	16	0	0
435	348	7	7	2	4	7	7	7	7	8	8	2	7	6	6	8	8	8	2	2	9	15	0	0
129	82	6	7	5	3	6	6	5	6	2	6	6	3	7	7	8	4	9	7	5	7	15	0	0
179	82	7	7	3	8	6	6	7	2	6	2	3	3	7	7	4	4	1	2	9	5	15	0	0
103	133	5	8	5	3	6	3	5	6	9	6	3	7	6	6	5	2	3	4	2	3	15	0	0
125	108	3	2	5	5	6	6	4	7	7	3	7	2	2	2	1	3	3	2	7	7	14	0	0
257	353	7	1	8	6	2	6	7	7	8	7	4	3	2	2	6	4	6	1	7	8	14	0	0
203	97	7	5	4	4	6	6	5	7	2	2	6	7	5	7	8	4	8	8	5	5	14	0	0
454	234	4	7	4	2	4	5	2	7	2	8	7	7	7	2	4	6	6	7	9	8	13	0	0
77	34	4	7	7	4	3	5	7	2	2	6	3	3	7	2	2	7	1	6	2	7	13	0	0
418	366	2	7	7	6	3	2	7	7	2	4	6	7	7	2	8	8	5	5	2	2	13	0	0
194	305	7	4	2	6	7	4	7	6	4	3	8	7	2	4	3	2	2	2	7	2	13	0	0
102	34	4	7	3	3	7	7	7	7	2	2	3	7	2	2	6	4	4	1	7	4	12	0	0
153	48	5	7	2	8	3	6	4	1	9	1	4	6	7	6	8	3	4	8	2	4	12	0	0
44	182	4	3	4	7	5	6	4	4	9	9	7	5	7	2	8	2	2	8	7	7	12	0	0
191	84	2	7	5	8	7	4	7	7	3	2	7	3	7	2	3	4	5	3	7	4	12	0	0
195	115	5	2	6	4	6	3	5	7	9	8	2	5	2	7	7	6	1	1	4	6	12	0	0
128	69	5	5	3	4	3	6	7	2	4	2	7	5	2	2	8	7	9	9	7	2	12	0	0
197	280	1	2	2	5	6	6	7	7	8	4	5	2	2	7	6	8	2	1	7	2	12	0	0
181	77	6	6	6	6	6	6	7	5	7	9	3	7	1	6	7	5	2	5	4	7	12	0	0
182	75	7	4	3	7	7	3	7	2	6	2	7	7	2	7	7	7	4	8	4	2	11	0	0
154	68	5	7	5	8	4	5	7	7	2	2	8	7	5	7	4	3	8	4	7	2	11	0	0
429	377	7	7	3	5	7	7	6	4	3	4	7	6	6	2	1	6	1	9	7	2	11	0	0
391	331	5	5	4	4	3	4	7	5	2	1	7	7	6	2	7	8	1	6	2	5	10	0	0
166	126	7	5	7	6	3	6	7	5	4	1	7	7	7	5	6	7	7	1	7	8	10	0	0
140	130	7	5	4	6	7	5	5	4	8	4	7	8	7	7	8	3	1	8	5	7	10	0	0
49	192	4	6	5	8	5	4	6	2	9	7	5	3	2	2	8	4	5	2	3	4	10	0	0
184	316	7	7	8	2	4	6	4	7	2	4	3	3	2	6	7	8	8	8	4	5	10	0	0
438	352	2	2	3	5	3	6	7	7	7	2	7	8	7	5	7	4	8	1	2	2	10	0	0
201	314	3	6	6	5	5	4	4	7	9	2	5	6	2	7	2	7	8	8	7	8	10	0	0
193	55	5	1	8	1	6	6	7	4	6	2	7	7	7	2	4	1	9	7	7	8	10	0	0
122	28	8	7	3	2	3	4	7	6	4	1	7	4	7	8	7	2	2	6	5	1	10	0	0
172	335	5	7	6	2	5	7	7	7	2	8	4	7	2	6	8	8	7	4	2	1	10	0	0
9	111	4	6	6	5	5	6	6	5	2	2	3	7	6	2	7	8	3	9	4	5	10	0	0
224	49	7	5	8	2	6	7	7	7	2	4	7	7	2	7	8	8	1	1	4	1	9	0	0
128	115	5	6	8	4	6	3	2	4	4	7	7	3	6	4	8	7	7	8	8	9	9	0	0
128	61	2	7	5	2	4	6	7	2	3	7	3	7	2	6	3	8	2	9	7	2	9	0	0
190	294	7	5	2	7	6	7	7	7	8	2	8	3	1	2	3	3	2	8	7	3	9	0	0
468	252	6	6	4	6	4	3	2	7	2	7	7	3	6	7	8	5	8	8	9	9	9	0	0
206	121	7	6	3	8	6	6	7	7	8	9	7	3	4	2	8	8	8	1	5	8	9	0	0
146	284	5	5	4	7	6	6	7	4	4	4	5	7	7	5	7	6	6	1	2	7	9	0	0
192	307	5	7	4	3	4	6	7	6	4	6	5	7	7	7	7	6	6	7	2	9	9	0	0
148	44	6	7	8	6	4	7	7	7	3	7	3	3	2	7	4	8	2	8	4	1	9	0	0
407	343	4	2	6	5	6	6	7	2	9	4	7	7	2	5	2	8	8	1	3	9	9	0	0
217	352	5	6	5	5	4	7	5	7	2	9	8	4	7	7	3	7	8	6	8	7	9	0	0
367	340	3	7	5	3	7	7	7	5	2	4	7	3	7	2	2	8	7	9	7	2	9	0	0
113	44	2	5	7	2	4	3	7	7	7	2	3	3	7	2	2	8	2	4	8	9	8	0	0
187	138	6	4	8	6	6	7	7	6	7	3	2	3	2	7	8	5	7	9	4	7	8	0	0
136	96	2	7	8	6	6	1	4	4	9	8	8	3	7	6	3	3	2	7	2	2	8	0	0
188	294	2	7	2	3	6	3	7	7	4	4	8	3	5	7	3	6	1	4	2	7	8	0	0
224	319	1	7	1	2	7	7	7	2	9	3	3	3	7	6	3	5	8	9	8	7	8	0	0
152	29	7	4	6	2	4	6	7	6	3	6	3	7	2	2	3	2	2	4	8	9	8	0	0
440	235	7	6	6	7	3	3	7	7	8	4	2	7	7	5	5	8	5	1	9	2	8	0	0
114	49	7	5	5	4	4	7	7	5	2	4	7	5	1	7	8	7	2	7	2	8	8	0	0
191	311	6	5	6	4	6	4	4	7	9	2	7	5	2	7	5	3	8	6	8	6	8	0	0
111	120	2	7	3	4	6	6	5	2	9	4	7	7	7	1	5	7	7	2	8	4	8	0	0
394	393	3	7	2	2	6	7	2	7	8	8	7	7	6	6	5	8	9	8	2	5	8	0	0
268	266	7	5	5	2	2	6	7	2	3	4	7	7	2	6	8	2	5	7	7	4	8	0	0
457	264	7	2	8	6	4	7	7	7	9	6	7	7	7	6	7	7	8	8	1	4	8	0	0
286	323	7	6	1	8	6	3	2	4	2	9	8	7	7	6	5	5	8	6	9	1	8	0	0
174	336	7	2	5	6	4	6	4	7	6	4	3	7	2	6	8	4	7	1	7	2	8	0	0
113	2	2	2	7	5	7	3	1	7	7	4	8	7	7	5	2	8	2	4	8	1	7	0	0
78	35	2	7	7	3	3	5	7	7	4	2	3	5	7	2	2	7	1	8	2	4	7	0	0
224	340	5	7	2	4	6	6	7	5	3	4	4	7	8	7	8	8	6	8	7	9	7	0	0
123	35	5	1	6	4	3	3	4	7	6	8	3	2	7	2	8	6	2	1	2	6	7	0	0
360	323	2	2	6	2	7	6	7	7	9	2	7	4	6	2	7	1	8	8	4	6	7	0	0
156	327	3	6	5	3	6	7	7	2	6	2	7	7	5	5	8	5	4	6	9	9	7	0	0
154	336	5	5	6	3	5	7	7	7	6	4	3	7	7	7	8	4	8	1	8	5	7	0	0
160	88	5	5	6	8	6	6	4	7	2	4	3	4	7	2	8	8	3	1	4	7	7	0	0
149	155	7	6	4	6	6	7	7	4	3	4	2	7	2	7	5	8	1	1	7	2	7	0	0
127	48	8	7	6	4	4	7	7	2	7	4	8	7	7	6	7	5	6	1	8	9	7	0	0
210	107	5	2	6	5	6	7	5	2	1	4	7	7	6	1	7	7	8	9	7	2	7	0	0
245	316	7	7	8	7	6	7	7	7	3	9	7	8	2	7	1	3	6	8	7	8	6	0	0
464	303	5	5	2	3	6	3	6	7	3	2	4	3	8	7	1	6	8	4	6	9	6	0	0
142	60	6	5	6	6	6	6	4	5	4	1	7	7	7	5	8	4	1	1	2	7	6	0	0
36	176	5	7	5	6	5	7	4	7	4	2	5	8	7	5	8	3	5	1	3	2	6	0	0
177	393	7	5	5	4	5	4	2	7	4	4	7	5	2	7	7	3	1	6	4	2	6	0	0
